%YAML:1.0

#camera calibration
model_type: PINHOLE
camera_name: camera
image_width: 640
image_height: 480

distortion_parameters:
   k1: 0
   k2: 0
   p1: 0
   p2: 0
projection_parameters:
   fx: 387.714599609375
   fy: 387.714599609375
   cx: 325.0111999511719
   cy: 238.00746154785156
